1 225 245
2 527 350
3 530 427
4 370 419
5 213 513
6 116 450
7 162 413
8 96 370
9 747 382
10 830 200
11 393 111
12 316 271
13 1027 228
14 941 419
15 1141 465
16 1332 239
17 1554 148
18 1583 502
19 1278 499
20 1743 502
21 1706 148
22 1817 499
23 1820 678
24 1500 690
25 1486 502
26 1509 810
27 1278 818
28 1278 927
29 1029 918
30 1021 718
31 1032 527
32 770 696
33 730 701
34 730 738
35 738 892
36 604 884
37 482 898
38 453 716 
39 564 710
40 251 718
41 222 639
42 136 562

1 288 356
2 581 236
3 904 296
4 1126 336
5 1409 373
6 1646 313
7 1646 587
8 1380 681
9 1158 721
10 932 696
11 892 853
12 601 790
13 881 542
14 647 522
15 382 553


